-1 0
-2 0
-3 0
-5 0
-6 0
-6 1
-7 1
-8 2
-10 2
-11 2
-12 3
-13 3
-16 4
-17 4
-20 5
-21 6
-23 6
-25 7
-28 7
-31 8
-34 10
-37 10
-38 11
-42 12
-46 12
-47 13
-52 14
-54 15
-57 16
-60 16
-64 17
-66 18
-71 19
-74 20
-79 21
-82 22
-86 22
-91 24
-96 25
-100 25
-107 27
-110 28
-116 29
-121 30
-126 31
-132 33
-136 34
-143 37
-148 38
-155 39
-161 41
-163 44
-170 46
-178 47
-180 51
-188 53
-197 56
-198 60
-206 62
-215 65
-219 69
-224 73
-229 76
-238 80
-241 84
-250 87
-256 92
-262 95
-268 100
-273 104
-278 107
-285 112
-290 116
-297 121
-303 125
-310 131
-315 134
-321 139
-327 143
-330 147
-338 152
-344 157
-352 161
-355 166
-361 172
-367 176
-373 181
-380 185
-382 191
-391 195
-399 200
-405 205
-409 210
-417 214
-424 219
-429 223
-435 228
-443 233
-449 237
-456 243
-461 247
-470 253
-474 257
-484 262
-489 266
-496 271
-504 276
-511 281
-517 286
-526 290
-532 296
-539 300
-544 305
-556 309
-561 314
-570 318
-575 323
-584 327
-589 332
-594 336
-603 341
-609 346
-618 350
-625 355
-633 360
-638 364
-643 367
-649 373
-658 377
-665 382
-672 385
-678 390
-686 393
-692 398
-697 403
-705 405
-715 409
-721 415
-732 417
-733 422
-741 425
-749 429
-753 433
-764 437
-769 441
-777 445
-784 448
-788 452
-800 455
-803 460
-811 464
-819 467
-826 472
-836 474
-837 479
-847 483
-854 485
-857 490
-867 493
-874 498
-880 501
-889 502
-892 508
-899 512
-907 516
-912 519
-923 522
-925 528
-933 531
-941 535
-946 538
-952 543
-958 546
-964 550
-971 553
-977 557
-983 561
-989 564
-992 568
-999 570
-1005 572
-1011 574
-1014 577
-1020 580
-1024 583
-1030 586
-1033 588
-1039 591
-1042 592
-1046 596
-1048 597
-1053 599
-1057 602
-1063 604
-1066 605
-1068 607
-1071 610
-1075 612
-1079 613
-1082 615
-1084 616
-1087 618
-1092 620
-1095 622
-1101 623
-1102 625
-1105 627
-1107 627
-1108 629
-1109 632
-1112 632
-1116 633
-1117 635
-1117 637
-1124 637
-1126 640
-1128 642
-1130 642
-1131 645
-1133 645
-1132 648
-1135 649
-1138 649
-1139 651
-1140 653
-1141 654
-1144 655
-1148 656
-1151 657
-1154 658
-1156 660
-1158 661
-1158 663
-1162 664
-1165 665
-1166 666
-1167 667
-1169 668
-1171 669
-1173 671
-1175 671
-1176 672
-1179 672
-1181 675
-1184 675
-1184 677
-1185 678
-1188 679
-1191 680
-1193 682
-1196 682
-1198 683
-1201 684
-1202 686
-1202 687
-1203 689
-1208 690
-1211 691
-1212 692
-1216 694
-1219 695
-1220 696
-1221 698
-1223 699
-1228 700
-1231 702
-1234 704
-1237 706
-1238 708
-1239 709
-1244 711
-1247 712
-1250 714
-1252 717
-1255 718
-1256 720
-1260 721
-1264 723
-1264 726
-1266 728
-1269 729
-1272 730
-1273 733
-1273 735
-1277 736
-1281 738
-1282 741
-1283 743
-1285 745
-1288 747
-1291 749
-1291 752
-1291 753
-1294 755
-1296 757
-1298 759
-1299 760
-1300 762
-1301 764
-1302 765
-1303 767
-1304 769
-1304 771
-1305 773
-1305 774
-1306 775
-1308 778
-1308 780
-1309 781
-1310 782
-1310 783
-1312 784
-1312 785
-1312 787
-1312 788
-1312 789
-1313 790
-1313 791
-1313 792
-1313 793
-1313 794
-1313 795
-1313 796
-1313 797
-1313 798
-1313 799
-1312 799
-1312 800
-1312 801
-1312 802
-1311 803
-1310 804
-1310 805
-1309 805
-1309 807
-1308 808
-1308 809
-1307 810
-1306 811
-1306 812
-1304 812
-1304 813
-1303 814
-1303 815
-1301 816
-1301 817
-1300 818
-1299 818
-1299 820
-1298 821
-1297 821
-1296 821
-1295 822
-1294 823
-1292 823
-1292 824
-1291 824
-1291 825
-1290 825
-1290 826
-1288 826
-1287 827
-1286 827
-1285 827
-1283 827
-1283 828
-1282 829
-1281 829
-1280 829
-1279 829
-1277 830
-1274 830
-1273 830
-1272 830
-1271 830
-1268 831
-1267 831
-1265 831
-1265 832
-1264 832
-1263 832
-1262 833
-1259 834
-1258 834
-1257 834
-1256 835
-1255 835
-1254 835
-1253 835
-1252 836
-1250 836
-1249 836
-1247 837
-1245 837
-1243 838
-1240 838
-1239 838
-1236 840
-1235 841
-1232 841
-1230 841
-1228 843
-1227 843
-1225 844
-1223 845
-1221 845
-1218 847
-1217 848
-1216 848
-1214 848
-1212 848
-1210 849
-1209 850
-1207 852
-1205 852
-1205 853
-1204 853
-1203 853
-1202 853
-1201 854
-1201 855
-1200 855
-1200 856
-1199 856
-1199 857
-1198 857
-1197 858
-1196 858
-1196 859
-1195 859
-1195 860
-1195 861
-1194 861
-1194 862
-1194 863
-1194 864
-1193 865
-1192 866
-1191 867
-1191 868
-1191 869
-1191 870
-1190 870
-1190 871
-1190 872
-1189 872
-1189 873
-1188 873
-1186 874
-1185 874
-1184 874
-1184 875
-1183 875
-1182 876
-1182 877
-1181 878
-1181 879
-1180 879
-1180 880
-1179 880
-1179 881
-1178 881
-1178 882
-1177 883
-1175 883
-1175 884
-1173 884
-1173 885
-1173 886
-1172 888
-1171 890
-1171 891
-1170 892
-1169 893
-1167 894
-1167 895
-1167 896
-1166 898
-1165 899
-1165 900
-1165 901
-1164 901
-1164 902
-1164 903
-1163 904
-1163 905
-1163 906
-1163 907
-1162 908
-1162 909
-1162 910
-1161 911
-1160 912
-1159 913
-1159 914
-1159 915
-1159 916
-1158 917
-1158 918
-1158 919
-1157 920
-1157 921
-1155 922
-1155 923
-1155 924
-1155 925
-1154 925
-1154 926
-1154 927
-1154 928
-1153 928
-1153 929
-1152 929
-1152 930
-1150 931
-1150 932
-1150 933
-1150 934
-1150 935
-1150 937
-1149 938
-1149 939
-1151 937
-1151 936
-1152 935
-1154 933
-1154 932
-1155 931
-1155 930
-1156 929
-1156 928
-1156 927
-1156 926
-1157 924
-1157 923
-1159 923
-1160 922
-1160 921
-1160 920
-1160 919
-1160 918
-1160 917
-1160 916
-1162 915
-1163 915
-1163 914
-1163 914
-1163 931
-1163 948
-1163 966
-1163 989
-1163 1012
-1163 1020
-1163 1039
-1163 1043
-1163 1047
-1163 1054
-1163 1109
-1163 1117
-1163 1144
-1163 1152
-1163 1192
-1163 1192
-1163 1192
-1163 1210
-1163 1210
-1163 1221
-1163 1265
-1163 1276
-1163 1287
-1163 1299
-1163 1354
-1163 1409
-1163 1453
-1163 1453
-1163 1481
-1163 1481
-1163 1499
-1163 1517
-1163 1541
-1163 1565
-1163 1609
-1163 1618
-1163 1630
-1163 1642
-1163 1652
-1163 1676
-1163 1697
-1163 1718
-1163 1726
-1163 1733
-1163 1777
-1163 1789
-1163 1812
-1163 1856
-1163 1874
-1163 1892
-1163 1916
-1163 1939
-1163 1994
-1163 2049
-1163 2093
-1163 2093
-1163 2103
-1163 2121
-1163 2139
-1163 2146
-1163 2190
-1163 2203
-1163 2216
-1163 2234
-1163 2239
-1163 2294
-1163 2349
-1163 2393
-1163 2393
-1163 2405
-1163 2405
-1163 2457
-1163 2473
-1163 2489
-1163 2533
-1163 2543
-1163 2561
-1163 2578
-1163 2595
-1163 2599
-1163 2643
-1163 2653
-1163 2671
-1163 2689
-1163 2733
-1163 2737
-1163 2748
-1163 2756
-1163 2764
-1163 2768
-1163 2772
-1163 2779
-1163 2823
-1163 2827
-1163 2844
-1163 2851
-1163 2895
-1163 2918
-1163 2946
-1163 2974
-1163 2993
-1163 3001
-1163 3045
-1163 3049
-1163 3053
-1163 3097
-1163 3106
-1163 3115
-1163 3123
-1163 3131
-1163 3157
-1163 3201
-1163 3224
-1163 3247
-1163 3258
-1163 3270
-1163 3282
-1163 3299
-1163 3316
-1163 3326
-1163 3348
-1163 3392
-1163 3415
-1163 3438
-1163 3456
-1163 3474
-1163 3518
-1163 3534
-1163 3538
-1163 3552
-1163 3560
-1163 3604
-1163 3627
-1163 3650
-1163 3661
-1163 3672
-1163 3684
-1163 3706
-1163 3750
-1163 3769
-1163 3788
-1163 3809
-1163 3830
-1163 3838
-1163 3861
-1163 3884
-1163 3912
-1163 3940
-1163 3984
-1163 3988
-1163 4005
-1163 4022
-1163 4040
-1163 4058
-1163 4086
-1163 4098
-1163 4110
-1163 4127
-1163 4137
-1163 4181
-1163 4203
-1163 4225
-1163 4243
-1163 4287
-1163 4315
-1163 4333
-1163 4351
-1163 4375
-1163 4399
-1163 4443
-1163 4449
-1163 4453
-1163 4470
-1163 4522
-1163 4545
-1163 4589
-1163 4602
-1163 4626
-1163 4648
-1163 4670
-1163 4693
-1163 4737
-1163 4749
-1163 4772
-1163 4816
-1163 4858
-1163 4900
-1163 4942
-1163 4949
-1163 4967
-1163 4985
-1163 5029
-1163 5041
-1163 5064
-1163 5108
-1163 5124
-1163 5128
-1163 5145
-1163 5169
-1163 5173
-1163 5188
-1163 5203
-1163 5231
-1163 5286
-1163 5341
-1163 5385
-1163 5385
-1163 5403
-1163 5421
-1163 5435
-1163 5490
-1163 5545
-1163 5589
-1163 5589
-1163 5612
-1163 5635
-1163 5646
-1163 5657
-1163 5661
-1163 5665
-1163 5688
-1163 5740
-1163 5762
-1163 5806
-1163 5814
-1163 5831
-1163 5849
-1163 5867
-1163 5891
-1163 5901
-1163 5912
-1163 5967
-1163 6022
-1163 6066
-1163 6075
-1163 6090
-1163 6094
-1163 6098
-1163 6108
-1163 6108
-1163 6155
-1163 6155
-1163 6179
-1163 6201
-1163 6206
-1163 6206
-1163 6251
-1163 6251
-1163 6270
-1163 6276
-1163 6280
-1163 6299
-1163 6321
-1163 6321
-1163 6366
-1163 6366
-1163 6370
-1163 6391
-1163 6412
-1163 6420
-1163 6420
-1163 6465
-1163 6465
-1163 6474
-1163 6498
-1163 6515
-1163 6515
-1163 6563
-1163 6563
-1164 6563
-1165 6563
-1166 6563
-1169 6563
-1171 6563
-1172 6563
-1174 6563
-1175 6563
-1178 6563
-1179 6563
-1180 6563
-1181 6563
-1182 6563
-1183 6563
-1185 6563
-1187 6563
-1189 6563
-1190 6563
-1192 6563
-1193 6563
-1194 6563
-1196 6563
-1197 6563
-1198 6563
-1199 6563
-1201 6563
-1202 6563
-1203 6563
-1204 6563
-1205 6563
-1206 6563
-1207 6563
-1208 6563
-1209 6562
-1210 6562
-1211 6562
-1212 6562
-1213 6562
-1215 6562
-1216 6562
-1217 6562
-1218 6562
-1219 6562
-1220 6562
-1221 6562
-1224 6562
-1225 6563
-1226 6563
-1227 6563
-1228 6563
-1229 6563
-1230 6563
-1231 6563
-1232 6563
-1234 6563
-1235 6563
-1237 6563
-1238 6563
-1239 6563
-1240 6563
-1241 6563
-1242 6563
-1244 6563
-1246 6563
-1247 6564
-1248 6564
-1250 6564
-1251 6564
-1252 6565
-1254 6565
-1256 6565
-1258 6566
-1260 6566
-1261 6566
-1262 6567
-1263 6567
-1264 6568
-1267 6568
-1269 6568
-1270 6568
-1271 6568
-1274 6569
-1275 6570
-1278 6570
-1279 6570
-1281 6571
-1284 6572
-1285 6573
-1288 6574
-1290 6576
-1291 6576
-1293 6577
-1295 6578
-1297 6579
-1298 6581
-1300 6581
-1302 6583
-1303 6585
-1306 6586
-1308 6588
-1310 6589
-1312 6591
-1314 6594
-1316 6596
-1318 6598
-1320 6600
-1322 6603
-1323 6606
-1326 6608
-1328 6611
-1332 6614
-1333 6618
-1337 6622
-1339 6625
-1342 6628
-1344 6632
-1346 6635
-1350 6639
-1351 6641
-1353 6646
-1357 6650
-1360 6654
-1362 6658
-1365 6663
-1369 6667
-1370 6671
-1374 6675
-1377 6679
-1379 6683
-1382 6688
-1386 6692
-1388 6696
-1391 6700
-1395 6705
-1398 6709
-1401 6714
-1406 6718
-1408 6722
-1414 6727
-1415 6732
-1422 6737
-1423 6740
-1428 6745
-1429 6749
-1434 6754
-1438 6759
-1443 6763
-1447 6767
-1452 6772
-1456 6776
-1464 6781
-1465 6785
-1473 6790
-1474 6794
-1481 6798
-1482 6803
-1490 6807
-1494 6812
-1500 6817
-1505 6822
-1512 6826
-1515 6831
-1523 6835
-1526 6839
-1534 6843
-1535 6849
-1544 6853
-1548 6858
-1557 6862
-1561 6867
-1566 6872
-1571 6876
-1578 6882
-1582 6885
-1586 6889
-1592 6894
-1597 6899
-1604 6904
-1610 6910
-1616 6914
-1620 6919
-1625 6924
-1631 6928
-1638 6933
-1639 6938
-1648 6943
-1652 6948
-1657 6954
-1662 6959
-1666 6963
-1674 6969
-1677 6973
-1684 6979
-1688 6983
-1692 6988
-1699 6993
-1701 6998
-1709 7004
-1712 7009
-1717 7014
-1721 7019
-1726 7025
-1730 7030
-1735 7036
-1738 7042
-1742 7047
-1747 7054
-1752 7058
-1756 7064
-1758 7069
-1765 7074
-1769 7081
-1772 7086
-1776 7091
-1778 7096
-1781 7103
-1786 7108
-1787 7114
-1791 7120
-1794 7125
-1796 7131
-1800 7137
-1803 7143
-1805 7149
-1807 7153
-1808 7159
-1809 7166
-1812 7172
-1814 7178
-1816 7184
-1817 7190
-1818 7195
-1819 7202
-1820 7207
-1820 7213
-1821 7219
-1823 7224
-1823 7230
-1823 7235
-1824 7241
-1824 7246
-1824 7252
-1825 7256
-1825 7261
-1824 7266
-1824 7270
-1824 7275
-1824 7280
-1824 7285
-1824 7289
-1824 7293
-1824 7298
-1824 7302
-1824 7307
-1824 7311
-1824 7315
-1824 7318
-1824 7322
-1824 7326
-1824 7329
-1824 7332
-1823 7335
-1823 7340
-1822 7342
-1822 7345
-1822 7349
-1820 7352
-1820 7356
-1820 7358
-1820 7361
-1820 7364
-1820 7367
-1819 7369
-1819 7373
-1819 7375
-1818 7378
-1816 7381
-1816 7383
-1814 7385
-1812 7389
-1812 7391
-1812 7394
-1811 7395
-1810 7398
-1809 7400
-1809 7401
-1807 7403
-1806 7404
-1804 7407
-1804 7409
-1803 7410
-1803 7411
-1802 7412
-1802 7413
-1801 7413
-1798 7415
-1797 7415
-1797 7416
-1796 7417
-1796 7418
-1795 7419
-1795 7420
-1794 7420
-1794 7421
-1793 7421
-1792 7422
-1791 7422
-1789 7422
-1788 7422
-1785 7423
-1784 7424
-1780 7425
-1778 7425
-1776 7426
-1775 7426
-1773 7427
-1770 7427
-1767 7427
-1765 7427
-1763 7427
-1760 7427
-1757 7428
-1755 7428
-1751 7428
-1748 7427
-1745 7427
-1742 7427
-1737 7427
-1734 7427
-1730 7427
-1724 7426
-1721 7426
-1716 7425
-1712 7425
-1707 7423
-1703 7422
-1698 7421
-1693 7420
-1689 7418
-1683 7417
-1677 7417
-1671 7415
-1668 7413
-1662 7412
-1656 7409
-1650 7408
-1644 7406
-1640 7404
-1635 7402
-1631 7400
-1626 7398
-1618 7395
-1613 7393
-1608 7390
-1603 7389
-1599 7386
-1593 7384
-1590 7381
-1584 7379
-1581 7377
-1578 7375
-1575 7373
-1569 7372
-1566 7369
-1563 7369
-1559 7368
-1556 7367
-1554 7367
-1553 7367
-1553 7368
-1553 7369
-1554 7371
-1555 7373
-1555 7375
-1555 7377
-1555 7380
-1556 7382
-1555 7384
-1555 7388
-1556 7390
-1557 7394
-1556 7398
-1555 7401
-1555 7405
-1554 7408
-1554 7413
-1553 7416
-1553 7422
-1552 7425
-1551 7429
-1551 7434
-1550 7437
-1550 7442
-1548 7447
-1549 7449
-1549 7453
-1549 7456
-1546 7461
-1546 7464
-1545 7468
-1544 7472
-1542 7477
-1541 7482
-1540 7485
-1540 7489
-1537 7492
-1537 7498
-1536 7501
-1536 7505
-1533 7510
-1533 7514
-1529 7519
-1529 7522
-1527 7528
-1527 7531
-1525 7537
-1525 7540
-1523 7544
-1521 7548
-1522 7551
-1522 7554
-1521 7558
-1521 7561
-1519 7565
-1519 7569
-1517 7574
-1517 7577
-1517 7582
-1517 7587
-1516 7590
-1516 7595
-1516 7598
-1516 7603
-1516 7607
-1516 7611
-1516 7615
-1514 7619
-1514 7624
-1512 7629
-1512 7632
-1512 7637
-1512 7642
-1512 7647
-1512 7651
-1511 7657
-1511 7661
-1510 7666
-1510 7671
-1509 7675
-1508 7681
-1508 7686
-1507 7691
-1506 7696
-1506 7701
-1506 7707
-1506 7713
-1506 7719
-1504 7723
-1502 7729
-1501 7734
-1499 7741
-1499 7747
-1499 7754
-1497 7760
-1496 7766
-1496 7773
-1493 7779
-1491 7786
-1490 7792
-1487 7800
-1485 7805
-1484 7810
-1481 7818
-1480 7824
-1478 7831
-1474 7837
-1472 7844
-1470 7850
-1467 7855
-1465 7862
-1462 7869
-1460 7875
-1456 7881
-1453 7887
-1452 7892
-1448 7898
-1444 7905
-1443 7910
-1438 7916
-1434 7922
-1433 7927
-1427 7933
-1427 7937
-1423 7942
-1422 7947
-1417 7952
-1414 7957
-1411 7963
-1408 7967
-1405 7972
-1400 7977
-1400 7981
-1396 7986
-1394 7991
-1390 7996
-1389 7999
-1386 8003
-1383 8007
-1381 8011
-1377 8016
-1377 8019
-1371 8023
-1371 8026
-1368 8030
-1364 8034
-1364 8037
-1362 8039
-1358 8042
-1358 8045
-1355 8048
-1353 8051
-1353 8053
-1350 8057
-1347 8060
-1346 8061
-1345 8065
-1341 8069
-1341 8071
-1340 8073
-1338 8075
-1336 8079
-1335 8081
-1333 8084
-1330 8087
-1329 8089
-1327 8093
-1325 8096
-1324 8098
-1321 8102
-1319 8105
-1319 8107
-1316 8111
-1312 8115
-1311 8117
-1308 8121
-1306 8124
-1304 8125
-1301 8129
-1299 8133
-1296 8136
-1293 8138
-1289 8142
-1285 8145
-1281 8148
-1277 8150
-1274 8154
-1271 8157
-1264 8160
-1262 8163
-1256 8166
-1251 8169
-1245 8171
-1241 8173
-1231 8176
-1226 8178
-1220 8178
-1216 8181
-1211 8182
-1202 8183
-1197 8184
-1187 8186
-1181 8186
-1172 8186
-1165 8187
-1159 8187
-1151 8187
-1143 8186
-1135 8186
-1128 8185
-1120 8183
-1112 8180
-1104 8179
-1095 8176
-1087 8174
-1078 8171
-1070 8169
-1060 8165
-1052 8162
-1045 8157
-1036 8154
-1028 8150
-1018 8146
-1011 8141
-1002 8136
-993 8131
-986 8127
-979 8122
-971 8118
-962 8112
-953 8107
-945 8102
-936 8095
-927 8091
-920 8085
-912 8080
-903 8073
-898 8068
-890 8063
-881 8057
-871 8051
-863 8046
-856 8040
-845 8035
-842 8029
-835 8022
-826 8017
-817 8013
-808 8008
-800 8003
-790 7996
-787 7992
-780 7986
-772 7981
-764 7977
-759 7972
-750 7967
-745 7961
-736 7958
-731 7953
-724 7948
-718 7945
-712 7940
-709 7936
-701 7932
-698 7928
-692 7924
-686 7920
-683 7916
-677 7913
-674 7909
-670 7906
-665 7902
-662 7901
-658 7896
-655 7895
-655 7891
-651 7889
-646 7886
-645 7883
-641 7880
-637 7878
-636 7875
-635 7873
-631 7871
-629 7869
-628 7868
-627 7866
-627 7864
-627 7862
-625 7861
-624 7860
-622 7860
-620 7859
-619 7859
-621 7857
-622 7857
-622 7858
-623 7859
-623 7860
-625 7860
-623 7861
-624 7862
-624 7863
-625 7864
-625 7866
-625 7867
-625 7869
-625 7871
-627 7871
-628 7874
-628 7876
-628 7877
-628 7879
-630 7882
-630 7884
-631 7887
-633 7889
-636 7891
-636 7894
-637 7897
-638 7899
-640 7901
-639 7905
-641 7907
-644 7909
-645 7912
-645 7914
-647 7916
-648 7919
-648 7921
-651 7924
-652 7928
-653 7931
-656 7934
-658 7938
-659 7940
-661 7944
-663 7947
-664 7950
-665 7954
-668 7958
-671 7962
-673 7965
-675 7970
-677 7972
-680 7977
-681 7981
-682 7984
-684 7988
-684 7992
-687 7995
-689 7999
-690 8001
-691 8006
-692 8009
-696 8013
-698 8016
-699 8019
-701 8022
-703 8025
-704 8030
-708 8032
-707 8037
-708 8039
-711 8042
-711 8045
-712 8047
-714 8050
-714 8054
-715 8057
-718 8059
-719 8063
-721 8065
-723 8068
-725 8070
-724 8074
-726 8077
-728 8078
-729 8082
-729 8083
-731 8085
-731 8088
-732 8091
-732 8093
-734 8095
-735 8099
-736 8101
-739 8102
-740 8105
-741 8108
-741 8110
-743 8111
-745 8113
-748 8115
-747 8118
-749 8120
-751 8122
-751 8124
-751 8126
-752 8128
-753 8130
-753 8132
-755 8134
-756 8136
-756 8139
-756 8141
-758 8143
-761 8146
-762 8148
-763 8151
-764 8152
-766 8155
-767 8157
-767 8159
-767 8161
-769 8163
-769 8166
-769 8168
-771 8170
-772 8172
-774 8175
-776 8176
-776 8179
-778 8181
-778 8183
-779 8186
-779 8187
-781 8189
-783 8191
-782 8193
-784 8195
-784 8196
-786 8198
-785 8199
-786 8201
-787 8202
-787 8204
-786 8206
-787 8207
-787 8208
-788 8210
-788 8212
-788 8213
-788 8216
-789 8218
-790 8219
-790 8221
-790 8222
-791 8223
-791 8226
-791 8228
-791 8230
-791 8231
-792 8232
-792 8234
-793 8236
-793 8238
-793 8239
-793 8241
-795 8243
-795 8244
-795 8247
-795 8248
-796 8249
-797 8251
-798 8253
-798 8255
-798 8257
-799 8258
-800 8259
-800 8262
-801 8263
-801 8265
-801 8266
-802 8268
-804 8269
-804 8271
-805 8273
-805 8275
-805 8276
-805 8277
-808 8279
-809 8281
-810 8282
-811 8284
-812 8285
-813 8288
-814 8288
-815 8290
-817 8292
-817 8293
-820 8295
-820 8296
-822 8297
-823 8299
-823 8300
-824 8302
-826 8303
-826 8304
-827 8305
-828 8306
-829 8306
-830 8307
-830 8308
-830 8310
-831 8310
-831 8311
-832 8311
-832 8312
-832 8313
-833 8313
-833 8314
-833 8313
-832 8313
-831 8313
-830 8313
-829 8313
-828 8313
-828 8312
-827 8312
-826 8312
-825 8312
-824 8312
-823 8312
-822 8312
-821 8312
-820 8312
-819 8312
-819 8313
-818 8313
-818 8314
-817 8314
-816 8315
-815 8315
-814 8315
-813 8315
-812 8315
-811 8315
-810 8315
-809 8315
-808 8314
-807 8314
-806 8314
-805 8314
-804 8314
-803 8314
-802 8314
-801 8314
-799 8314
-798 8314
-796 8314
-795 8314
-794 8314
-794 8313
-793 8313
-792 8313
-791 8313
-790 8313
-789 8313
-787 8313
-786 8313
-785 8313
-784 8313
-784 8312
-783 8312
-782 8312
-781 8312
-780 8312
-778 8312
-777 8312
-777 8311
-776 8311
-775 8311
-775 8310
-775 8310
-775 8309
-775 8308
-775 8307
-775 8306
-776 8305
-777 8303
-777 8301
-779 8299
-780 8298
-780 8296
-780 8294
-782 8291
-783 8289
-783 8288
-784 8286
-784 8284
-786 8282
-786 8281
-787 8280
-787 8278
-787 8277
-788 8275
-788 8274
-789 8273
-789 8272
-789 8271
-789 8270
-789 8268
-789 8267
-789 8266
-789 8265
-789 8264
-789 8263
-789 8261
-789 8260
-789 8259
-789 8257
-789 8256
-789 8254
-789 8253
-789 8251
-788 8250
-788 8249
-788 8247
-788 8245
-788 8243
-788 8242
-787 8239
-788 8237
-787 8236
-787 8235
-786 8232
-786 8230
-786 8228
-786 8225
-785 8222
-785 8219
-784 8217
-784 8213
-784 8210
-782 8207
-782 8203
-780 8200
-780 8196
-779 8192
-777 8188
-777 8185
-776 8182
-775 8177
-775 8174
-772 8169
-772 8165
-769 8162
-768 8158
-767 8155
-767 8149
-764 8146
-764 8142
-762 8138
-762 8133
-757 8128
-757 8123
-753 8120
-751 8116
-749 8112
-749 8107
-746 8103
-744 8097
-741 8092
-740 8087
-737 8083
-735 8077
-733 8072
-729 8067
-727 8061
-722 8056
-721 8049
-719 8044
-715 8039
-714 8033
-712 8027
-706 8021
-705 8014
-701 8007
-696 8002
-695 7994
-692 7989
-690 7983
-687 7975
-684 7968
-679 7961
-678 7954
-673 7947
-669 7940
-667 7933
-665 7926
-664 7919
-659 7911
-656 7903
-653 7895
-649 7888
-646 7881
-643 7873
-642 7866
-636 7857
-633 7849
-631 7841
-628 7833
-625 7827
-623 7818
-619 7811
-616 7803
-614 7795
-613 7788
-607 7781
-607 7774
-605 7766
-603 7758
-599 7751
-597 7743
-595 7737
-594 7729
-593 7723
-591 7715
-589 7709
-585 7700
-584 7693
-581 7686
-580 7678
-579 7671
-577 7664
-575 7656
-572 7648
-569 7642
-567 7635
-566 7628
-564 7622
-561 7616
-560 7609
-557 7602
-554 7596
-552 7591
-550 7585
-548 7580
-544 7574
-541 7569
-540 7563
-538 7559
-537 7554
-534 7549
-529 7545
-528 7539
-525 7535
-523 7530
-520 7526
-520 7521
-517 7517
-517 7513
-515 7508
-514 7504
-510 7500
-507 7496
-506 7492
-503 7488
-502 7485
-498 7480
-497 7477
-496 7473
-494 7470
-493 7466
-489 7463
-489 7459
-488 7455
-487 7453
-485 7449
-483 7446
-482 7443
-480 7440
-479 7436
-479 7433
-479 7430
-476 7427
-476 7424
-475 7421
-473 7418
-473 7415
-472 7412
-471 7409
-471 7406
-471 7404
-469 7401
-469 7398
-469 7396
-468 7392
-468 7390
-468 7387
-467 7385
-467 7382
-467 7379
-467 7377
-465 7376
-464 7373
-466 7370
-466 7369
-465 7367
-465 7366
-465 7363
-465 7362
-465 7361
-465 7359
-465 7358
-465 7357
-464 7355
-464 7354
-464 7353
-465 7352
-465 7351
-465 7350
-464 7350
-464 7349
-463 7347
-464 7347
-465 7347
-465 7346
-464 7345
-464 7344
-463 7344
-463 7343
-462 7342
-463 7342
-463 7341
-462 7341
-462 7340
-461 7340
-461 7339
-460 7339
-459 7339
-458 7339
-458 7338
-459 7337
-458 7337
-457 7337
-457 7336
-457 7335
-456 7335
-455 7335
-454 7333
-454 7332
-454 7331
-454 7331
-454 7332
-454 7333
-455 7333
-456 7334
-458 7335
-459 7336
-458 7337
-459 7339
-461 7341
-461 7343
-461 7345
-463 7346
-464 7349
-464 7351
-464 7353
-467 7356
-467 7359
-470 7362
-472 7364
-473 7367
-473 7371
-476 7373
-478 7377
-481 7380
-482 7384
-482 7387
-483 7391
-488 7394
-490 7398
-491 7402
-492 7405
-495 7410
-500 7414
-500 7418
-504 7423
-506 7427
-509 7432
-510 7436
-514 7440
-518 7445
-521 7449
-523 7455
-527 7460
-531 7465
-534 7469
-537 7475
-541 7481
-544 7486
-549 7492
-552 7497
-559 7503
-560 7509
-564 7514
-569 7522
-572 7527
-578 7534
-583 7540
-587 7547
-587 7554
-594 7559
-598 7567
-604 7572
-607 7580
-613 7587
-618 7594
-623 7600
-625 7608
-631 7615
-634 7621
-641 7630
-647 7636
-650 7644
-656 7651
-659 7658
-663 7665
-666 7671
-673 7680
-677 7687
-683 7696
-685 7703
-690 7711
-694 7719
-698 7725
-702 7734
-708 7742
-713 7750
-717 7757
-719 7765
-725 7773
-729 7779
-731 7789
-738 7796
-741 7804
-747 7811
-748 7818
-753 7826
-756 7833
-758 7841
-762 7848
-766 7856
-769 7864
-773 7869
-776 7877
-780 7884
-783 7892
-784 7898
-789 7906
-792 7912
-796 7919
-798 7927
-800 7933
-803 7940
-805 7945
-807 7951
-810 7959
-813 7965
-815 7972
-817 7977
-820 7985
-823 7989
-824 7995
-826 8001
-827 8006
-828 8013
-832 8018
-833 8023
-834 8027
-834 8032
-836 8038
-836 8042
-835 8047
-838 8051
-837 8055
-839 8058
-839 8062
-838 8066
-840 8070
-839 8074
-839 8078
-837 8081
-838 8084
-838 8087
-838 8090
-837 8093
-837 8096
-836 8099
-836 8102
-836 8104
-834 8108
-834 8111
-834 8113
-833 8115
-833 8116
-833 8118
-833 8121
-833 8122
-831 8124
-828 8125
-828 8126
-828 8127
-828 8128
-828 8129
-827 8130
-827 8131
-825 8132
-824 8132
-823 8133
-822 8133
-820 8133
-819 8133
-818 8133
-817 8133
-816 8133
-815 8133
-815 8132
-814 8132
-812 8132
-811 8132
-810 8132
-809 8132
-808 8132
-807 8132
-806 8132
-805 8132
-804 8134
-804 8135
-803 8135
-803 8136
-803 8137
-800 8138
-800 8139
-800 8140
-800 8141
-800 8142
-800 8143
-800 8144
-800 8146
-799 8147
-799 8148
-798 8149
-798 8150
-798 8151
-798 8153
-798 8155
-799 8156
-799 8157
-800 8158
-799 8159
-799 8160
-799 8161
-799 8163
-799 8164
-798 8166
-798 8167
-800 8169
-800 8170
-800 8172
-799 8173
-799 8174
-800 8176
-800 8178
-801 8179
-800 8181
-800 8182
-800 8184
-800 8185
-800 8186
-800 8187
-800 8188
-801 8189
-801 8191
-801 8192
-800 8193
-800 8194
-801 8196
-801 8197
-802 8198
-802 8199
-801 8200
-801 8201
-801 8202
-801 8203
-800 8204
-800 8205
-799 8206
-799 8207
-799 8209
-799 8210
-798 8211
-798 8212
-797 8212
-797 8213
-797 8214
-795 8214
-795 8215
-794 8215
-794 8216
-793 8216
-793 8217
-792 8217
-792 8218
-791 8218
-790 8218
-789 8219
-788 8219
-788 8220
-787 8220
-786 8220
-785 8220
-784 8220
-783 8220
-782 8220
-781 8220
-780 8221
-779 8221
-779 8222
-778 8223
-777 8223
-777 8224
-776 8225
-776 8227
-775 8228
-775 8229
-775 8230
-773 8230
-773 8231
-771 8233
-771 8234
-771 8235
-771 8236
-771 8237
-770 8238
-770 8239
-770 8240
-770 8241
-770 8242
-770 8243
-770 8244
-769 8245
-769 8246
-769 8247
-768 8248
-768 8249
-768 8250
-767 8251
-767 8252
-767 8254
-767 8255
-767 8256
-767 8257
-765 8258
-765 8259
-763 8261
-763 8263
-763 8264
-763 8265
-763 8266
-763 8267
-762 8268
-761 8269
-760 8271
-760 8272
-759 8273
-759 8274
-759 8275
-758 8276
-757 8276
-757 8277
-757 8278
-754 8279
-754 8280
-754 8281
-753 8282
-753 8283
-753 8284
-751 8286
-750 8286
-750 8287
-749 8287
-749 8288
-748 8288
-748 8289
-748 8290
-748 8291
-747 8291
-747 8292
-747 8293
-745 8294
-745 8295
-744 8296
-744 8297
-744 8298
-743 8299
-742 8300
-742 8301
-742 8302
-740 8302
-740 8303
-739 8304
-738 8304
-737 8304
-736 8305
-735 8306
-734 8306
-733 8307
-732 8307
-731 8307
-731 8308
-730 8308
-727 8308
-727 8309
-726 8309
-725 8309
-724 8309
-723 8310
-722 8310
-721 8310
-721 8311
-720 8311
-719 8311
-718 8311
-717 8311
-716 8311
-714 8312
-715 8312
-714 8312
-713 8312
-713 8313
-712 8313
-711 8314
-710 8314
-709 8314
-709 8315
-707 8315
-707 8316
-706 8316
-705 8316
-704 8316
-703 8317
-701 8318
-700 8318
-699 8319
-698 8319
-698 8320
-697 8320
-696 8320
-695 8321
-693 8322
-692 8322
-692 8323
-691 8323
-690 8323
-689 8323
-687 8323
-686 8323
-684 8324
-683 8324
-682 8324
-681 8324
-679 8324
-678 8324
-677 8324
-675 8324
-674 8324
-673 8324
-671 8324
-670 8324
-668 8324
-666 8324
-665 8324
-664 8324
-663 8324
-662 8324
-659 8324
-658 8324
-656 8325
-655 8325
-654 8326
-653 8326
-651 8326
-650 8326
-647 8326
-646 8326
-645 8326
-644 8326
-642 8326
-640 8326
-638 8326
-638 8325
-637 8325
-636 8325
-634 8325
-633 8325
-631 8325
-630 8325
-629 8325
-628 8325
-627 8325
-625 8325
-624 8325
-623 8325
-622 8325
-620 8325
-620 8324
-619 8324
-618 8324
-616 8324
-616 8323
-615 8323
-614 8323
-614 8322
-613 8322
-614 8322
-613 8322
-612 8322
-611 8322
-610 8322
-609 8322
-609 8321
-608 8321
-607 8321
-607 8320
-607 8320
-608 8319
-609 8319
-609 8318
-610 8317
-611 8316
-612 8315
-613 8314
-613 8313
-613 8312
-615 8310
-616 8309
-616 8308
-617 8306
-618 8306
-620 8304
-621 8304
-621 8303
-621 8302
-622 8301
-622 8300
-622 8299
-623 8297
-624 8296
-625 8295
-626 8294
-627 8292
-627 8291
-628 8290
-629 8288
-630 8287
-631 8285
-631 8283
-632 8282
-633 8280
-634 8278
-635 8277
-637 8275
-638 8273
-638 8270
-639 8269
-640 8267
-640 8265
-642 8263
-643 8261
-644 8259
-644 8256
-645 8253
-647 8250
-648 8246
-652 8242
-653 8238
-654 8234
-656 8230
-659 8225
-662 8220
-663 8216
-667 8211
-669 8206
-671 8200
-675 8195
-678 8190
-681 8183
-684 8179
-688 8172
-690 8166
-695 8160
-699 8154
-700 8149
-706 8142
-709 8137
-714 8129
-717 8123
-721 8117
-726 8110
-730 8104
-731 8097
-737 8091
-743 8083
-748 8076
-751 8069
-756 8062
-760 8055
-765 8047
-770 8040
-774 8033
-778 8025
-783 8018
-788 8011
-794 8002
-798 7994
-806 7986
-810 7977
-816 7970
-820 7962
-825 7954
-832 7945
-836 7936
-842 7928
-848 7920
-851 7912
-857 7905
-864 7895
-866 7887
-873 7878
-878 7869
-884 7860
-889 7853
-892 7845
-897 7837
-902 7829
-906 7820
-911 7813
-916 7804
-919 7797
-923 7790
-927 7782
-931 7775
-935 7768
-937 7761
-940 7754
-943 7747
-945 7741
-949 7733
-950 7728
-952 7720
-955 7714
-957 7707
-958 7701
-958 7696
-959 7689
-962 7684
-963 7677
-963 7672
-964 7665
-965 7660
-966 7655
-966 7649
-966 7643
-967 7638
-967 7633
-967 7626
-968 7622
-968 7616
-968 7611
-967 7606
-967 7601
-967 7597
-967 7592
-966 7587
-966 7582
-964 7577
-964 7572
-962 7566
-962 7561
-959 7557
-959 7552
-958 7548
-956 7543
-956 7538
-954 7533
-951 7528
-949 7524
-947 7519
-944 7515
-942 7510
-939 7505
-937 7501
-935 7497
-933 7493
-931 7488
-928 7484
-924 7478
-921 7475
-916 7469
-914 7466
-911 7461
-906 7457
-903 7453
-899 7448
-894 7445
-893 7440
-886 7436
-885 7431
-880 7426
-876 7422
-872 7417
-868 7413
-865 7408
-861 7404
-857 7400
-853 7395
-849 7392
-846 7388
-840 7384
-836 7379
-832 7376
-829 7372
-824 7368
-821 7366
-817 7362
-812 7359
-808 7356
-804 7353
-801 7350
-796 7348
-793 7345
-789 7343
-785 7340
-781 7337
-776 7335
-773 7332
-769 7330
-766 7327
-760 7325
-758 7323
-753 7321
-750 7319
-746 7317
-742 7315
-740 7314
-737 7312
-733 7311
-731 7308
-727 7306
-723 7304
-719 7303
-716 7301
-713 7299
-710 7298
-707 7296
-705 7295
-703 7294
-700 7292
-696 7291
-695 7289
-692 7287
-691 7287
-688 7286
-686 7285
-685 7283
-683 7282
-681 7281
-678 7280
-677 7278
-674 7277
-673 7276
-671 7274
-669 7273
-667 7272
-667 7271
-664 7270
-663 7268
-661 7268
-660 7267
-659 7266
-658 7265
-658 7264
-656 7264
-656 7263
-655 7262
-654 7261
-652 7260
-651 7259
-650 7259
-650 7258
-649 7258
-649 7257
-647 7257
-646 7257
-646 7256
-645 7255
-643 7255
-642 7255
-641 7255
-641 7254
-640 7254
-640 7253
-638 7253
-637 7253
-636 7253
-635 7253
-634 7252
-633 7252
-632 7252
-631 7252
-631 7251
-629 7251
-628 7251
-627 7251
-625 7250
-623 7250
-622 7250
-620 7250
-619 7249
-616 7249
-615 7248
-613 7248
-611 7248
-610 7248
-607 7248
-605 7248
-604 7248
-602 7247
-601 7247
-599 7246
-597 7246
-595 7246
-594 7246
-592 7246
-589 7246
-587 7246
-586 7245
-583 7245
-581 7245
-579 7245
-577 7245
-575 7245
-573 7245
-571 7245
-568 7245
-565 7245
-562 7244
-559 7244
-558 7244
-555 7244
-552 7244
-550 7243
-547 7243
-545 7243
-541 7243
-540 7243
-537 7243
-533 7243
-532 7242
-531 7242
-526 7245
-525 7245
-521 7245
-520 7245
-517 7245
-514 7245
-512 7245
-511 7244
-509 7244
-506 7244
-504 7244
-502 7244
-498 7244
-497 7244
-495 7244
-492 7244
-488 7243
-486 7243
-484 7243
-480 7243
-479 7243
-477 7243
-475 7243
-471 7243
-470 7243
-469 7243
-467 7243
-464 7243
-461 7243
-459 7243
-456 7244
-454 7244
-452 7244
-451 7244
-449 7245
-447 7245
-443 7245
-442 7245
-441 7246
-438 7246
-437 7246
-434 7246
-433 7247
-430 7248
-428 7248
-426 7248
-425 7248
-424 7249
-422 7249
-419 7249
-416 7250
-415 7251
-414 7251
-412 7253
-410 7253
-408 7253
-407 7254
-406 7254
-404 7255
-403 7255
-401 7256
-400 7257
-399 7257
-398 7257
-397 7259
-396 7259
-394 7260
-393 7260
-392 7260
-392 7261
-390 7261
-388 7262
-387 7263
-387 7264
-385 7265
-384 7266
-383 7266
-383 7267
-382 7267
-379 7268
-378 7268
-378 7269
-376 7269
-375 7269
-375 7269
-374 7270
-373 7271
-372 7271
-372 7271
-372 7277
-372 7277
-372 7277
-372 7297
